1 0.12890625 0.05498798076923077 0.031850961538461536 0.0907451923076923
0 0.33743990384615385 0.06219951923076923 0.025841346153846152 0.09555288461538461
0 0.09495192307692307 0.06640625 0.055288461538461536 0.09435096153846154
0 0.31490384615384615 0.07602163461538461 0.0625 0.11358173076923077
0 0.2785456730769231 0.08082932692307693 0.0234375 0.0655048076923077
0 0.47716346153846156 0.1024639423076923 0.06009615384615385 0.11838942307692307
0 0.43419471153846156 0.11929086538461539 0.027043269230769232 0.0655048076923077
0 0.3915264423076923 0.12259615384615384 0.0234375 0.04326923076923077
0 0.6292067307692307 0.12890625 0.056490384615384616 0.11358173076923077
0 0.5417668269230769 0.13611778846153846 0.025841346153846152 0.0703125
0 0.5724158653846154 0.14903846153846154 0.024639423076923076 0.057692307692307696
0 0.7136418269230769 0.16256009615384615 0.028245192307692308 0.0655048076923077
0 0.7833533653846154 0.1658653846153846 0.0234375 0.0625
0 0.6781850961538461 0.16736778846153846 0.024639423076923076 0.0655048076923077
0 0.8191105769230769 0.1817908653846154 0.06129807692307692 0.12319711538461539
0 0.9233774038461539 0.18419471153846154 0.034254807692307696 0.0703125
0 0.8861177884615384 0.18990384615384615 0.022235576923076924 0.057692307692307696
0 0.9744591346153846 0.20643028846153846 0.03545673076923077 0.0811298076923077