0 0.5021033653846154 0.47025240384615385 0.09555288461538461 0.16646634615384615
0 0.7328725961538461 0.04957932692307692 0.033052884615384616 0.0751201923076923
0 0.3644831730769231 0.06881009615384616 0.03665865384615385 0.0751201923076923
0 0.9684495192307693 0.07692307692307693 0.033052884615384616 0.09134615384615384
0 0.6057692307692307 0.08233173076923077 0.04807692307692308 0.078125
0 0.9329927884615384 0.08263221153846154 0.0390625 0.08353365384615384
0 0.24909855769230768 0.8993389423076923 0.15204326923076922 0.19290865384615385
0 0.04056490384615385 0.09375 0.03786057692307692 0.08653846153846154
0 0.19050480769230768 0.09825721153846154 0.054086538461538464 0.11478365384615384
0 0.6682692307692307 0.10606971153846154 0.04807692307692308 0.08233173076923077
0 0.7259615384615384 0.12560096153846154 0.057692307692307696 0.09735576923076923
0 0.45522836538461536 0.13221153846153846 0.045072115384615384 0.08653846153846154
0 0.5303485576923077 0.17037259615384615 0.07992788461538461 0.12920673076923078
0 0.11328125 0.18269230769230768 0.043870192307692304 0.10576923076923077
0 0.9519230769230769 0.21123798076923078 0.07211538461538461 0.12920673076923078
0 0.43930288461538464 0.22596153846153846 0.06129807692307692 0.125
0 0.3473557692307692 0.025240384615384616 0.040865384615384616 0.05048076923076923
0 0.6274038461538461 0.025240384615384616 0.038461538461538464 0.05048076923076923
0 0.7385817307692307 0.23347355769230768 0.06370192307692307 0.1015625
0 0.19651442307692307 0.23287259615384615 0.07572115384615384 0.10997596153846154
0 0.34525240384615385 0.27884615384615385 0.07992788461538461 0.125
0 0.6625600961538461 0.29927884615384615 0.08473557692307693 0.15144230769230768
0 0.032151442307692304 0.030048076923076924 0.03064903846153846 0.06009615384615385
0 0.8813100961538461 0.030048076923076924 0.03665865384615385 0.06009615384615385
0 0.3975360576923077 0.036057692307692304 0.045072115384615384 0.07211538461538461
0 0.06580528846153846 0.3464543269230769 0.08834134615384616 0.14002403846153846
0 0.8440504807692307 0.375 0.08233173076923077 0.14423076923076922