0 0.9723557692307693 0.38040865384615385 0.05048076923076923 0.10697115384615384
0 0.6322115384615384 0.3942307692307692 0.07211538461538461 0.1201923076923077
0 0.4365985576923077 0.3987379807692308 0.031850961538461536 0.05709134615384615
0 0.5934495192307693 0.41015625 0.03786057692307692 0.0703125
0 0.23858173076923078 0.4167668269230769 0.054086538461538464 0.07872596153846154
0 0.13731971153846154 0.43028846153846156 0.029447115384615384 0.052884615384615384
0 0.8389423076923077 0.43359375 0.052884615384615384 0.09795673076923077
0 0.19260817307692307 0.43599759615384615 0.0390625 0.06430288461538461
0 0.8897235576923077 0.4495192307692308 0.034254807692307696 0.0673076923076923
0 0.7211538461538461 0.3596754807692308 0.057692307692307696 0.08954326923076923
0 0.48828125 0.3662860576923077 0.0390625 0.09795673076923077
0 0.35096153846153844 0.3707932692307692 0.0625 0.12620192307692307