0 0.7515024038461539 0.4167668269230769 0.027043269230769232 0.059495192307692304
0 0.6902043269230769 0.5024038461538461 0.029447115384615384 0.0625
0 0.2893629807692308 0.5084134615384616 0.04026442307692308 0.07451923076923077
1 0.1622596153846154 0.5369591346153846 0.05048076923076923 0.059495192307692304
1 0.4930889423076923 0.5435697115384616 0.024639423076923076 0.05348557692307692
0 0.30228365384615385 0.6141826923076923 0.056490384615384616 0.07932692307692307
0 0.6733774038461539 0.08563701923076923 0.019831730769230768 0.03665865384615385
1 0.23948317307692307 0.23347355769230768 0.027043269230769232 0.05829326923076923
0 0.62890625 0.23737980769230768 0.027043269230769232 0.051682692307692304
0 0.13611778846153846 0.2481971153846154 0.022235576923076924 0.04447115384615385
0 0.36087740384615385 0.29507211538461536 0.024639423076923076 0.051682692307692304
1 0.47325721153846156 0.3635817307692308 0.04266826923076923 0.0733173076923077
0 0.6397235576923077 0.36538461538461536 0.024639423076923076 0.0625
0 0.11688701923076923 0.36658653846153844 0.027043269230769232 0.05048076923076923
1 0.20402644230769232 0.37109375 0.033052884615384616 0.059495192307692304