0 0.43900240384615385 0.15474759615384615 0.03665865384615385 0.07872596153846154
0 0.7731370192307693 0.15655048076923078 0.10396634615384616 0.17848557692307693
0 0.5348557692307693 0.18329326923076922 0.06971153846153846 0.12620192307692307
0 0.3055889423076923 0.18990384615384615 0.034254807692307696 0.08173076923076923
0 0.4831730769230769 0.1896033653846154 0.0625 0.0907451923076923
0 0.3449519230769231 0.19861778846153846 0.055288461538461536 0.10396634615384616
0 0.6370192307692307 0.19801682692307693 0.07211538461538461 0.16526442307692307
0 0.22205528846153846 0.20342548076923078 0.045072115384615384 0.08473557692307693
0 0.13161057692307693 0.21935096153846154 0.051682692307692304 0.09254807692307693
0 0.09585336538461539 0.23137019230769232 0.028245192307692308 0.05889423076923077
0 0.04176682692307692 0.24248798076923078 0.045072115384615384 0.0907451923076923