0 0.6899038461538461 0.3518629807692308 0.03365384615384615 0.049879807692307696
1 0.32421875 0.578125 0.03786057692307692 0.07451923076923077
1 0.7860576923076923 0.6225961538461539 0.04326923076923077 0.08653846153846154
1 0.43990384615384615 0.6298076923076923 0.038461538461538464 0.0673076923076923
1 0.2247596153846154 0.6610576923076923 0.05048076923076923 0.07692307692307693
1 0.7142427884615384 0.6661658653846154 0.043870192307692304 0.0967548076923077
1 0.8725961538461539 0.6763822115384616 0.04807692307692308 0.1123798076923077
1 0.04296875 0.6905048076923077 0.047475961538461536 0.09254807692307693
1 0.4891826923076923 0.6989182692307693 0.055288461538461536 0.09014423076923077
1 0.1271033653846154 0.7013221153846154 0.04266826923076923 0.08533653846153846
1 0.9471153846153846 0.7049278846153846 0.038461538461538464 0.09254807692307693