1 0.8326322115384616 0.30679086538461536 0.045072115384615384 0.09915865384615384
1 0.875 0.3128004807692308 0.0625 0.11117788461538461
1 0.7575120192307693 0.3308293269230769 0.034254807692307696 0.0751201923076923
1 0.6607572115384616 0.33203125 0.028245192307692308 0.06310096153846154
1 0.35787259615384615 0.3368389423076923 0.04266826923076923 0.08713942307692307
1 0.6938100961538461 0.33653846153846156 0.04146634615384615 0.07211538461538461
1 0.46243990384615385 0.33774038461538464 0.045072115384615384 0.10817307692307693
1 0.6069711538461539 0.3428485576923077 0.06009615384615385 0.09915865384615384
1 0.5201322115384616 0.34375 0.03545673076923077 0.07211538461538461
1 0.3076923076923077 0.3602764423076923 0.052884615384615384 0.10516826923076923
1 0.10336538461538461 0.3662860576923077 0.057692307692307696 0.09314903846153846