1 0.8894230769230769 0.171875 0.057692307692307696 0.11778846153846154
1 0.7442908653846154 0.17427884615384615 0.031850961538461536 0.08413461538461539
1 0.6180889423076923 0.18088942307692307 0.043870192307692304 0.11177884615384616
1 0.4735576923076923 0.18239182692307693 0.057692307692307696 0.1388221153846154
0 0.7944711538461539 0.18329326923076922 0.05048076923076923 0.10697115384615384
1 0.9672475961538461 0.1974158653846154 0.025841346153846152 0.06790865384615384
0 0.25 0.20252403846153846 0.052884615384615384 0.11658653846153846
1 0.5300480769230769 0.20643028846153846 0.05048076923076923 0.12920673076923078
0 0.20432692307692307 0.21454326923076922 0.04807692307692308 0.12139423076923077
1 0.07692307692307693 0.21604567307692307 0.057692307692307696 0.12920673076923078
1 0.6769831730769231 0.22175480769230768 0.03665865384615385 0.078125
1 0.30228365384615385 0.22716346153846154 0.056490384615384616 0.11778846153846154