1 0.40234375 0.18900240384615385 0.04026442307692308 0.0703125
0 0.59375 0.2013221153846154 0.07211538461538461 0.13341346153846154
0 0.6373197115384616 0.20342548076923078 0.0390625 0.0703125
0 0.3581730769230769 0.20673076923076922 0.04807692307692308 0.08173076923076923
1 0.7635216346153846 0.24879807692307693 0.04146634615384615 0.0889423076923077
0 0.7043269230769231 0.2512019230769231 0.057692307692307696 0.0889423076923077
0 0.36959134615384615 0.2842548076923077 0.06610576923076923 0.11658653846153846
0 0.18990384615384615 0.29086538461538464 0.07211538461538461 0.11057692307692307
0 0.47115384615384615 0.29296875 0.07692307692307693 0.11478365384615384
0 0.8452524038461539 0.29447115384615385 0.07992788461538461 0.10336538461538461
0 0.7427884615384616 0.31099759615384615 0.0625 0.1219951923076923